version https://git-lfs.github.com/spec/v1
oid sha256:9a0acb061dd095270f808292385f555ada57f734fc78a053cdc5e941874092a6
size 3950
